135
136
390
391
433
434
519
520
574
575
754
755
880
881
1263
1264
1398
1399
1421
1422
1441
1442
1524
1525
1668
1669
1924
1925
2091
2092
2185
2186
2204
2205
2287
2288
2340
2341
2352
2353
2403
2404
2633
2634
2653
2654
2841
2842
3082
3083
3123
3124
3249
3250
3267
3268
3516
3517
3554
3555
3576
3577
3627
3628
3682
3683
3706
3707
3740
3741
3882
3883
4265
4266
4350
4351
4379
4380
4582
4583
4777
4778
4799
4800
4825
4826
5446
5447
5524
5525
5833
5834
5901
5902
6059
6060
6146
6147
6214
6215
6244
6245
6411
6412
6455
6456
6480
6481
6558
6559
6878
6879
7285
7286
7303
7304
7367
7368
7441
7442
7504
7505
7656
7657
7675
7676
8375
8376
8377
8401
8402
8422
8423
8446
8447
8690
8691
8726
8727
8776
8777
8939
8940
9016
9017
9077
9078
9188
9189
9234
9235
9601
9602
9607
9608
10086
10087
10260
10261
10374
10375
10385
10386
10841
10842
10912
10913
11056
11057
11058
11116
11117
11213
11214
11335
11336
11551
11552
11554
11555
11563
11564
11627
11628
11714
11715
11746
11747
11757
11758
11935
11936
11986
11987
12020
12021
12554
12555
12565
12566
12586
12587
12719
12720
12739
12740
12965
12966
13294
13295
13335
13336
13404
13405
13562
13563
13722
13723
13941
13942
13973
13974
14096
14097
14260
14261
14686
14687
14903
14904
14927
14928
15059
15060
15157
15158
15597
15598
15710
15711
15904
15905
15989
15990
16114
16115
16474
16475
16562
16563
16567
16568
16583
16584
16686
16687
16732
16733
16830
16831
16900
16901
17169
17170
17230
17231
17292
17293
17566
17567
17609
17610
17640
17641
17726
17727
17778
17779
17830
17831
17940
17941
18157
18158
18214
18215
18237
18238
18409
18410
18473
18474
18496
18497
18523
18524
18564
18565
18738
18739
18865
18866
19192
19193
19279
19280
19438
19439
19488
19489
19622
19623
19635
19636
19881
19882
19897
19898
19936
19937
19987
19988
20014
20015
20069
20070
20094
20095
20263
20264
20295
20296
20354
20355
20399
20400
20465
20466
20540
20541
20752
20753
20971
20972
21002
21003
21199
21200
21223
21224
21238
21239
21250
21251
21619
21620
21844
21845
21906
21907
21938
21939
22054
22055
22065
22066
22279
22280
22333
22334
22440
22441
22494
22495
22515
22516
22952
22953
23025
23026
23457
23458
23459
23613
23614
24050
24051
24263
24264
24426
24427
24459
24460
24581
24582
24919
24920
24993
24994
25198
25199
25327
25328
25389
25390
25510
25511
25524
25525
25622
25623
25658
25659
25678
25679
25810
25811
25820
25821
25860
25861
25877
25878
25890
25891
26070
26071
26226
26227
26271
26272
26277
26278
26279
26306
26307
26369
26370
26384
26385
26416
26417
26419
26420
26550
26551
26665
26666
26773
26774
26840
26841
26991
26992
27415
27416
27545
27546
27568
27569
27620
27621
27654
27655
27992
27993
28007
28008
28071
28072
28136
28137
28173
28174
28323
28324
28613
28614
29037
29038
29288
29289
29383
29384
29451
29452
29860
29861
29917
29918
30057
30058
30310
30311
30346
30347
30348
30349
30524
30525
30723
30724
30818
30819
31017
31018
31492
31493
31549
31550
31596
31597
31662
31663
31872
31873
32269
32270
32531
32532
32547
32548
32690
32691
32742
32743
33099
33100
33160
33161
33357
33358
33516
33517
33935
33936
34009
34010
34023
34024
34182
34183
34246
34247
34301
34302
34345
34346
34360
34361
34389
34390
34420
34421
34474
34475
34480
34481
34507
34508
34518
34519
34549
34550
34711
34712
34951
34952
35207
35208
35295
35296
35375
35376
35472
35473
35544
35545
35570
35571
35986
35987
36150
36151
36308
36309
36576
36577
36652
36653
36889
36890
36917
36918
36991
36992
37064
37065
37149
37150
37198
37199
37237
37238
37266
37267
37274
37275
37299
37300
37301
37442
37443
37515
37516
37519
37520
37581
37582
37783
37784
37872
37873
38204
38205
38209
38210
38271
38272
38381
38382
38616
38617
38705
38706
38720
38721
39080
39081
39103
39104
39187
39188
39237
39238
39465
39466
39577
39578
39637
39638
39641
39642
39692
39693
39738
39739
39941
39942
39969
39970
40000
40001
40210
40211
40757
40758
40829
40830
41002
41003
41052
41053
41118
41119
41718
41719
41985
41986
41987
41988
42081
42082
42227
42228
42325
42326
42725
42726
42812
42813
42889
42890
43041
43042
43080
43081
44104
44105
44327
44328
44379
44380
44413
44414
44477
44478
44607
44608
44612
44613
45148
45149
45969
45970
46346
46347
46451
46452
46677
46678
46741
46742
46825
46826
46948
46949
47141
47142
47455
47456
47459
47460
47675
47676
47764
47765
47841
47842
47921
47922
47996
47997
48032
48033
48168
48169
48250
48251
48359
48360
48429
48430
48555
48556
48593
48594
48878
48879
49133
49134
49143
49144
49364
49365
49371
49372
49608
49609
49947
49948
50093
50094
50546
50547
51195
51196
51209
51210
51301
51302
51389
51390
51478
51479
51516
51517
51523
51524
51625
51626
51633
51634
51646
51647
51686
51687
52047
52048
52050
52051
52326
52327
52385
52386
52524
52525
52717
52718
52738
52739
52902
52903
53062
53063
53302
53303
53321
53322
53696
53697
53759
53760
53766
53767
53795
53796
54011
54012
54375
54376
54892
54893
54966
54967
54976
54977
55198
55199
55342
55343
55426
55427
55456
55457
55509
55510
55548
55549
55561
55562
55727
55728
55773
55774
55841
55842
56096
56097
56202
56203
56297
56298
56311
56312
56418
56419
56502
56503
56547
56548
56567
56568
56738
56739
56839
56840
56850
56851
56884
56885
57045
57046
57100
57101
57265
57266
57417
57418
57429
57430
57451
57452
57500
57501
57590
57591
57616
57617
57618
57773
57774
57900
57901
58009
58010
58182
58183
58529
58530
58545
58546
58928
58929
58956
58957
58963
58964
59049
59050
59074
59075
59252
59253
59695
59696
60436
60437
60466
60467
60543
60544
60603
60604
60799
60800
60837
60838
61156
61157
61534
61535
61697
61698
61843
61844
62112
62113
62576
62577
62610
62611
62767
62768
62830
62831
62975
62976
63304
63305
63480
63481
63842
63843
63871
63872
63939
63940
64003
64004
64025
64026
64074
64075
64116
64117
64202
64203
64384
64385
64449
64450
64549
64550
64838
64839
64978
64979
65007
65008
65111
65112
65120
65121
65126
65127
65234
65235
65236
65237
65469
65470
65475
65476
65515
65516
65610
65611
65779
65780
65817
65818
65850
65851
65985
65986
66708
66709
66746
66747
66779
66780
66910
66911
67074
67075
67103
67104
67300
67301
67602
67603
67757
67758
67916
67917
68350
68351
68366
68367
68570
68571
68714
68715
68732
68733
68760
68761
68842
68843
68865
68866
68898
68899
68998
68999
69219
69220
69334
69335
69479
69480
69489
69490
70063
70064
70158
70159
70311
70312
70336
70337
70377
70378
70406
70407
70541
70542
70584
70585
70720
70721
70828
70829
70858
70859
70926
70927
70998
70999
71268
71269
71329
71330
71834
71835
71882
71883
72107
72108
72183
72184
72197
72198
72257
72258
72663
72664
72676
72677
72730
72731
72807
72808
72840
72841
72846
72847
72975
72976
73130
73131
73138
73139
73140
73233
73234
73267
73268
73423
73424
73640
73641
73727
73728
73760
73761
73839
73840
73894
73895
73971
73972
74555
74556
74567
74568
74598
74599
74717
74718
74814
74815
74863
74864
74886
74887
74906
74907
74995
74996
75017
75018
75045
75046
75279
75280
75398
75399
75400
75401
75503
75504
75707
75708
75722
75723
75735
75736
75835
75836
75886
75887
75891
75892
76287
76288
76345
76346
76359
76360
76558
76559
76921
76922
77028
77029
77155
77156
77322
77323
77383
77384
77555
77556
77700
77701
77710
77711
78201
78202
78279
78280
78526
78527
78741
78742
78964
78965
79020
79021
79173
79174
79240
79241
79476
79477
79579
79580
79707
79708
79726
79727
79837
79838
80090
80091
80111
80112
80172
80173
80185
80186
80255
80256
80276
80277
80393
80394
80401
80402
80445
80446
80459
80460
80475
80476
80644
80645
80666
80667
80775
80776
80847
80848
80849
80850
81018
81019
81083
81084
81316
81317
81321
81322
81324
81325
81406
81407
82010
82011
82227
82228
82269
82270
82382
82383
82589
82590
82638
82639
82805
82806
82935
82936
83021
83022
83179
83180
83258
83259
83352
83353
83382
83383
83573
83574
83773
83774
83839
83840
84063
84064
84105
84106
84192
84193
84448
84449
84649
84650
84675
84676
84782
84783
84901
84902
85044
85045
85080
85081
85201
85202
85211
85212
85651
85652
86024
86025
86219
86220
86257
86258
86335
86336
86372
86373
86383
86384
86395
86396
86443
86444
86491
86492
86561
86562
86623
86624
86677
86678
86898
86899
86957
86958
87018
87019
87101
87102
87107
87108
87116
87117
87163
87164
87248
87249
87386
87387
87527
87528
88050
88051
88081
88082
88101
88102
88411
88412
88579
88580
88624
88625
88732
88733
88778
88779
89172
89173
89178
89179
89193
89194
89198
89199
89207
89208
89258
89259
89365
89366
89381
89382
89675
89676
89789
89790
89875
89876
89991
89992
90092
90093
90284
90285
90345
90346
90784
90785
90827
90828
90879
90880
90927
90928
90967
90968
91208
91209
91231
91232
91241
91242
91271
91272
91324
91325
91436
91437
91466
91467
91505
91506
91606
91607
91642
91643
91675
91676
91737
91738
91836
91837
91927
91928
91938
91939
91955
91956
92182
92183
92310
92311
92448
92449
92770
92771
92883
92884
92971
92972
93035
93036
93041
93042
93083
93084
93305
93306
93697
93698
93836
93837
94105
94106
94107
94277
94278
94586
94587
94669
94670
95017
95018
95305
95306
95642
95643
95856
95857
96215
96216
96237
96238
96261
96262
96379
96380
96463
96464
96641
96642
96733
96734
96972
96973
97025
97026
97260
97261
97413
97414
97557
97558
97692
97693
97815
97816
97820
97821
98345
98346
98560
98561
98600
98601
98781
98782
98890
98891
98968
98969
99100
99101
99435
99436
99450
99451
99458
99459
99486
99487
99795
99796
99815
99816
99991
99992
